[cal_version]
version_num=100
[cal_attr]
camera_type=0
image_width=2688
image_height=1520
pano_width=3854
pano_height=1084
out_width=3712
out_height=832
image_fov_x=55
image_fov_y=0
pano_fov_x=99
pano_fov_y=0
[pipe0]
cx = 1344
cy = 759
yaw = -21.463537
pitch = 0.000000
roll = 0.000000
Tx = 0.000000
Ty = 0.000000
Tz = 0.000000
Tyaw = 0.000000
Tpitch = 0.000000
dRatio = 32.488789
xRatio = 0.000000
yRatio = 0.000000
Coefa = 0.013595
Coefb = 0.001269
Coefc = -0.065208
[pipe1]
cx = 1343
cy = 760
yaw = 21.463537
pitch = -0.153398
roll = 0.892985
Tx = 0.000129
Ty = -0.000046
Tz = -0.011003
Tyaw = 0.000000
Tpitch = 0.000000
dRatio = 1.826057
xRatio = 0.000000
yRatio = 0.000000
Coefa = 0.013595
Coefb = 0.001269
Coefc = -0.065208
