[cal_version]
version_num=100
[cal_attr]
camera_type=0
image_width=2688
image_height=1520
pano_width=4295
pano_height=1192
out_width=3840
out_height=1136
image_fov_x=90
image_fov_y=0
pano_fov_x=175
pano_fov_y=0
[pipe0]
cx = 1344
cy = 760
yaw = -38.378105
pitch = 0.173015
roll = -0.000784
Tx = 0.000000
Ty = 0.000000
Tz = 0.000000
Tyaw = -38.378105
Tpitch = 0.173015
dRatio = 177.610839
xRatio = 0.000000
yRatio = 0.000000
Coefa = 0.000000
Coefb = 0.007542
Coefc = 0.000000
[pipe1]
cx = 1344
cy = 760
yaw = 38.378105
pitch = -0.173015
roll = 0.000784
Tx = -0.000169
Ty = 0.000140
Tz = -0.000947
Tyaw = 38.378105
Tpitch = -0.173015
dRatio = 172.348251
xRatio = 0.000000
yRatio = 0.000000
Coefa = 0.000000
Coefb = 0.007542
Coefc = 0.000000
