[cal_version]
version_num=110
[cal_attr]
camera_type=0
image_width=2688
image_height=1520
pano_width=3946
pano_height=1115
image_fov_x=90
pano_fov_x=179.22
[pipe0]
yaw=-41.048
pitch=0
roll=0
Tx=0
Ty=0
Tz=0
Tyaw=0
Tpitch=0
Coefa=-0.003685
Coefb=-0.007725
Coefc=0.029898
cx=1345.559
cy=759.662
d_ratio=121.42
[pipe1]
yaw=41.048
pitch=0.839
roll=-0.376
Tx=0.009044
Ty=-0.001018
Tz=-0.013991
Tyaw=41.048
Tpitch=0.839
Coefa=0.002225
Coefb=-0.020061
Coefc=0.026443
cx=1341.803
cy=759.866
d_ratio=153.21
